{
 "cells": [
  {
   "cell_type": "code",
   "execution_count": 1,
   "id": "3333fbd0",
   "metadata": {},
   "outputs": [],
   "source": [
    "import matplotlib.pyplot as plt\n",
    "import numpy as np\n",
    "import pandas as p"
   ]
  },
  {
   "cell_type": "markdown",
   "id": "6710c1b1",
   "metadata": {},
   "source": [
    "## Takeaway Notes\n",
    "Plots like these show us how important it is to understand the collection methods over the years. Around 1960ish we started mesauring smaller earthquakes more. This doesn't mean they weren't happening prior to this date. It's much easier to trace evidence of larger earthquakes from the past and estimate magnitudes since they leave traces of damage.\n",
    "\n",
    "It's also worth noting that the Richter scale wasn't even developed until 1935, so our findings prior to the last 50 years or so need to be looked at with that context.\n",
    "\n",
    "The major benefit of having these plots is that we can use our other visualizations to view the damages in notable years we find here."
   ]
  },
  {
   "cell_type": "code",
   "execution_count": 2,
   "id": "3790c1ac",
   "metadata": {
    "scrolled": false
   },
   "outputs": [
    {
     "data": {
      "text/html": [
       "<div>\n",
       "<style scoped>\n",
       "    .dataframe tbody tr th:only-of-type {\n",
       "        vertical-align: middle;\n",
       "    }\n",
       "\n",
       "    .dataframe tbody tr th {\n",
       "        vertical-align: top;\n",
       "    }\n",
       "\n",
       "    .dataframe thead th {\n",
       "        text-align: right;\n",
       "    }\n",
       "</style>\n",
       "<table border=\"1\" class=\"dataframe\">\n",
       "  <thead>\n",
       "    <tr style=\"text-align: right;\">\n",
       "      <th></th>\n",
       "      <th>X</th>\n",
       "      <th>Y</th>\n",
       "      <th>OBJECTID</th>\n",
       "      <th>Mag</th>\n",
       "      <th>Long</th>\n",
       "      <th>Lat</th>\n",
       "      <th>Depth</th>\n",
       "      <th>Year</th>\n",
       "      <th>Mo</th>\n",
       "      <th>Day</th>\n",
       "      <th>...</th>\n",
       "      <th>MAG_UU</th>\n",
       "      <th>MAGUU_Flag</th>\n",
       "      <th>ML_UU</th>\n",
       "      <th>Mc_UU</th>\n",
       "      <th>NPH</th>\n",
       "      <th>GAP</th>\n",
       "      <th>DMIN</th>\n",
       "      <th>RMS</th>\n",
       "      <th>ERH</th>\n",
       "      <th>ERZ</th>\n",
       "    </tr>\n",
       "  </thead>\n",
       "  <tbody>\n",
       "    <tr>\n",
       "      <th>0</th>\n",
       "      <td>-12445218.50</td>\n",
       "      <td>4916540.070</td>\n",
       "      <td>1139</td>\n",
       "      <td>0.000000</td>\n",
       "      <td>-111.7973</td>\n",
       "      <td>40.3473</td>\n",
       "      <td>7.0</td>\n",
       "      <td>1974</td>\n",
       "      <td>11</td>\n",
       "      <td>3</td>\n",
       "      <td>...</td>\n",
       "      <td>0</td>\n",
       "      <td></td>\n",
       "      <td></td>\n",
       "      <td>0</td>\n",
       "      <td>5</td>\n",
       "      <td>178</td>\n",
       "      <td>13.8</td>\n",
       "      <td>0.57</td>\n",
       "      <td>5.3</td>\n",
       "      <td>20.9</td>\n",
       "    </tr>\n",
       "    <tr>\n",
       "      <th>1</th>\n",
       "      <td>-12507379.30</td>\n",
       "      <td>5162971.934</td>\n",
       "      <td>1535</td>\n",
       "      <td>0.000000</td>\n",
       "      <td>-112.3557</td>\n",
       "      <td>42.0133</td>\n",
       "      <td>7.1</td>\n",
       "      <td>1975</td>\n",
       "      <td>8</td>\n",
       "      <td>16</td>\n",
       "      <td>...</td>\n",
       "      <td>0</td>\n",
       "      <td></td>\n",
       "      <td></td>\n",
       "      <td>0</td>\n",
       "      <td>10</td>\n",
       "      <td>252</td>\n",
       "      <td>19.1</td>\n",
       "      <td>0.22</td>\n",
       "      <td>2.1</td>\n",
       "      <td>1.1</td>\n",
       "    </tr>\n",
       "    <tr>\n",
       "      <th>2</th>\n",
       "      <td>-12413425.65</td>\n",
       "      <td>4968999.553</td>\n",
       "      <td>1793</td>\n",
       "      <td>0.000000</td>\n",
       "      <td>-111.5117</td>\n",
       "      <td>40.7055</td>\n",
       "      <td>7.0</td>\n",
       "      <td>1976</td>\n",
       "      <td>2</td>\n",
       "      <td>4</td>\n",
       "      <td>...</td>\n",
       "      <td>0</td>\n",
       "      <td></td>\n",
       "      <td></td>\n",
       "      <td>0</td>\n",
       "      <td>6</td>\n",
       "      <td>226</td>\n",
       "      <td>16.6</td>\n",
       "      <td>0.22</td>\n",
       "      <td>1.9</td>\n",
       "      <td>6.3</td>\n",
       "    </tr>\n",
       "    <tr>\n",
       "      <th>3</th>\n",
       "      <td>-12499342.04</td>\n",
       "      <td>5146714.645</td>\n",
       "      <td>1908</td>\n",
       "      <td>0.000000</td>\n",
       "      <td>-112.2835</td>\n",
       "      <td>41.9047</td>\n",
       "      <td>7.0</td>\n",
       "      <td>1976</td>\n",
       "      <td>3</td>\n",
       "      <td>20</td>\n",
       "      <td>...</td>\n",
       "      <td>0</td>\n",
       "      <td></td>\n",
       "      <td></td>\n",
       "      <td>0</td>\n",
       "      <td>7</td>\n",
       "      <td>149</td>\n",
       "      <td>18.9</td>\n",
       "      <td>0.12</td>\n",
       "      <td>0.7</td>\n",
       "      <td>4.5</td>\n",
       "    </tr>\n",
       "    <tr>\n",
       "      <th>4</th>\n",
       "      <td>-12507468.36</td>\n",
       "      <td>5135727.471</td>\n",
       "      <td>1976</td>\n",
       "      <td>0.000000</td>\n",
       "      <td>-112.3565</td>\n",
       "      <td>41.8312</td>\n",
       "      <td>7.0</td>\n",
       "      <td>1976</td>\n",
       "      <td>4</td>\n",
       "      <td>7</td>\n",
       "      <td>...</td>\n",
       "      <td>0</td>\n",
       "      <td></td>\n",
       "      <td></td>\n",
       "      <td>0</td>\n",
       "      <td>6</td>\n",
       "      <td>154</td>\n",
       "      <td>28.1</td>\n",
       "      <td>0.07</td>\n",
       "      <td>1.3</td>\n",
       "      <td>7.7</td>\n",
       "    </tr>\n",
       "    <tr>\n",
       "      <th>...</th>\n",
       "      <td>...</td>\n",
       "      <td>...</td>\n",
       "      <td>...</td>\n",
       "      <td>...</td>\n",
       "      <td>...</td>\n",
       "      <td>...</td>\n",
       "      <td>...</td>\n",
       "      <td>...</td>\n",
       "      <td>...</td>\n",
       "      <td>...</td>\n",
       "      <td>...</td>\n",
       "      <td>...</td>\n",
       "      <td>...</td>\n",
       "      <td>...</td>\n",
       "      <td>...</td>\n",
       "      <td>...</td>\n",
       "      <td>...</td>\n",
       "      <td>...</td>\n",
       "      <td>...</td>\n",
       "      <td>...</td>\n",
       "      <td>...</td>\n",
       "    </tr>\n",
       "    <tr>\n",
       "      <th>31495</th>\n",
       "      <td>-12550715.98</td>\n",
       "      <td>5096932.386</td>\n",
       "      <td>207</td>\n",
       "      <td>5.890994</td>\n",
       "      <td>-112.7450</td>\n",
       "      <td>41.5710</td>\n",
       "      <td>8.5</td>\n",
       "      <td>1934</td>\n",
       "      <td>3</td>\n",
       "      <td>12</td>\n",
       "      <td>...</td>\n",
       "      <td></td>\n",
       "      <td></td>\n",
       "      <td></td>\n",
       "      <td></td>\n",
       "      <td></td>\n",
       "      <td></td>\n",
       "      <td></td>\n",
       "      <td></td>\n",
       "      <td></td>\n",
       "      <td></td>\n",
       "    </tr>\n",
       "    <tr>\n",
       "      <th>31496</th>\n",
       "      <td>-12526192.30</td>\n",
       "      <td>5170391.233</td>\n",
       "      <td>1232</td>\n",
       "      <td>6.019454</td>\n",
       "      <td>-112.5247</td>\n",
       "      <td>42.0628</td>\n",
       "      <td>8.7</td>\n",
       "      <td>1975</td>\n",
       "      <td>3</td>\n",
       "      <td>28</td>\n",
       "      <td>...</td>\n",
       "      <td>6</td>\n",
       "      <td>W</td>\n",
       "      <td>6</td>\n",
       "      <td></td>\n",
       "      <td>11</td>\n",
       "      <td>159</td>\n",
       "      <td>33.3</td>\n",
       "      <td>0.13</td>\n",
       "      <td>1.1</td>\n",
       "      <td>5.4</td>\n",
       "    </tr>\n",
       "    <tr>\n",
       "      <th>31497</th>\n",
       "      <td>-12636988.59</td>\n",
       "      <td>4494028.415</td>\n",
       "      <td>80</td>\n",
       "      <td>6.341000</td>\n",
       "      <td>-113.5200</td>\n",
       "      <td>37.3930</td>\n",
       "      <td>0.0</td>\n",
       "      <td>1902</td>\n",
       "      <td>11</td>\n",
       "      <td>17</td>\n",
       "      <td>...</td>\n",
       "      <td></td>\n",
       "      <td></td>\n",
       "      <td></td>\n",
       "      <td></td>\n",
       "      <td></td>\n",
       "      <td></td>\n",
       "      <td></td>\n",
       "      <td></td>\n",
       "      <td></td>\n",
       "      <td></td>\n",
       "    </tr>\n",
       "    <tr>\n",
       "      <th>31498</th>\n",
       "      <td>-12556281.96</td>\n",
       "      <td>5109886.384</td>\n",
       "      <td>204</td>\n",
       "      <td>6.591344</td>\n",
       "      <td>-112.7950</td>\n",
       "      <td>41.6580</td>\n",
       "      <td>8.5</td>\n",
       "      <td>1934</td>\n",
       "      <td>3</td>\n",
       "      <td>12</td>\n",
       "      <td>...</td>\n",
       "      <td></td>\n",
       "      <td></td>\n",
       "      <td></td>\n",
       "      <td></td>\n",
       "      <td></td>\n",
       "      <td></td>\n",
       "      <td></td>\n",
       "      <td></td>\n",
       "      <td></td>\n",
       "      <td></td>\n",
       "    </tr>\n",
       "    <tr>\n",
       "      <th>31499</th>\n",
       "      <td>-12512310.76</td>\n",
       "      <td>4650301.842</td>\n",
       "      <td>76</td>\n",
       "      <td>6.627542</td>\n",
       "      <td>-112.4000</td>\n",
       "      <td>38.5000</td>\n",
       "      <td>0.0</td>\n",
       "      <td>1901</td>\n",
       "      <td>11</td>\n",
       "      <td>14</td>\n",
       "      <td>...</td>\n",
       "      <td></td>\n",
       "      <td></td>\n",
       "      <td></td>\n",
       "      <td></td>\n",
       "      <td></td>\n",
       "      <td></td>\n",
       "      <td></td>\n",
       "      <td></td>\n",
       "      <td></td>\n",
       "      <td></td>\n",
       "    </tr>\n",
       "  </tbody>\n",
       "</table>\n",
       "<p>31500 rows × 31 columns</p>\n",
       "</div>"
      ],
      "text/plain": [
       "                 X            Y  OBJECTID       Mag      Long      Lat  Depth  \\\n",
       "0     -12445218.50  4916540.070      1139  0.000000 -111.7973  40.3473    7.0   \n",
       "1     -12507379.30  5162971.934      1535  0.000000 -112.3557  42.0133    7.1   \n",
       "2     -12413425.65  4968999.553      1793  0.000000 -111.5117  40.7055    7.0   \n",
       "3     -12499342.04  5146714.645      1908  0.000000 -112.2835  41.9047    7.0   \n",
       "4     -12507468.36  5135727.471      1976  0.000000 -112.3565  41.8312    7.0   \n",
       "...            ...          ...       ...       ...       ...      ...    ...   \n",
       "31495 -12550715.98  5096932.386       207  5.890994 -112.7450  41.5710    8.5   \n",
       "31496 -12526192.30  5170391.233      1232  6.019454 -112.5247  42.0628    8.7   \n",
       "31497 -12636988.59  4494028.415        80  6.341000 -113.5200  37.3930    0.0   \n",
       "31498 -12556281.96  5109886.384       204  6.591344 -112.7950  41.6580    8.5   \n",
       "31499 -12512310.76  4650301.842        76  6.627542 -112.4000  38.5000    0.0   \n",
       "\n",
       "       Year  Mo  Day  ...  MAG_UU  MAGUU_Flag  ML_UU  Mc_UU  NPH  GAP  DMIN  \\\n",
       "0      1974  11    3  ...       0                         0    5  178  13.8   \n",
       "1      1975   8   16  ...       0                         0   10  252  19.1   \n",
       "2      1976   2    4  ...       0                         0    6  226  16.6   \n",
       "3      1976   3   20  ...       0                         0    7  149  18.9   \n",
       "4      1976   4    7  ...       0                         0    6  154  28.1   \n",
       "...     ...  ..  ...  ...     ...         ...    ...    ...  ...  ...   ...   \n",
       "31495  1934   3   12  ...                                                     \n",
       "31496  1975   3   28  ...       6           W      6          11  159  33.3   \n",
       "31497  1902  11   17  ...                                                     \n",
       "31498  1934   3   12  ...                                                     \n",
       "31499  1901  11   14  ...                                                     \n",
       "\n",
       "        RMS  ERH   ERZ  \n",
       "0      0.57  5.3  20.9  \n",
       "1      0.22  2.1   1.1  \n",
       "2      0.22  1.9   6.3  \n",
       "3      0.12  0.7   4.5  \n",
       "4      0.07  1.3   7.7  \n",
       "...     ...  ...   ...  \n",
       "31495                   \n",
       "31496  0.13  1.1   5.4  \n",
       "31497                   \n",
       "31498                   \n",
       "31499                   \n",
       "\n",
       "[31500 rows x 31 columns]"
      ]
     },
     "execution_count": 2,
     "metadata": {},
     "output_type": "execute_result"
    }
   ],
   "source": [
    "earthquake_df = p.read_csv('cleaned_earthquake_data.csv')\n",
    "earthquake_df"
   ]
  },
  {
   "cell_type": "code",
   "execution_count": 3,
   "id": "292c11dc",
   "metadata": {
    "scrolled": true
   },
   "outputs": [
    {
     "data": {
      "text/html": [
       "<div>\n",
       "<style scoped>\n",
       "    .dataframe tbody tr th:only-of-type {\n",
       "        vertical-align: middle;\n",
       "    }\n",
       "\n",
       "    .dataframe tbody tr th {\n",
       "        vertical-align: top;\n",
       "    }\n",
       "\n",
       "    .dataframe thead th {\n",
       "        text-align: right;\n",
       "    }\n",
       "</style>\n",
       "<table border=\"1\" class=\"dataframe\">\n",
       "  <thead>\n",
       "    <tr style=\"text-align: right;\">\n",
       "      <th></th>\n",
       "      <th>X</th>\n",
       "      <th>Y</th>\n",
       "      <th>OBJECTID</th>\n",
       "      <th>Mag</th>\n",
       "      <th>Long</th>\n",
       "      <th>Lat</th>\n",
       "      <th>Depth</th>\n",
       "      <th>Year</th>\n",
       "      <th>Mo</th>\n",
       "      <th>Day</th>\n",
       "      <th>Hr</th>\n",
       "      <th>Min_</th>\n",
       "      <th>Sec</th>\n",
       "      <th>SigM</th>\n",
       "      <th>Round</th>\n",
       "    </tr>\n",
       "  </thead>\n",
       "  <tbody>\n",
       "    <tr>\n",
       "      <th>X</th>\n",
       "      <td>1.000000</td>\n",
       "      <td>0.253240</td>\n",
       "      <td>-0.043318</td>\n",
       "      <td>-0.028095</td>\n",
       "      <td>1.000000</td>\n",
       "      <td>0.257258</td>\n",
       "      <td>0.076914</td>\n",
       "      <td>-0.034001</td>\n",
       "      <td>0.025662</td>\n",
       "      <td>-0.013790</td>\n",
       "      <td>0.025062</td>\n",
       "      <td>-0.004212</td>\n",
       "      <td>0.002369</td>\n",
       "      <td>0.009290</td>\n",
       "      <td>-0.066700</td>\n",
       "    </tr>\n",
       "    <tr>\n",
       "      <th>Y</th>\n",
       "      <td>0.253240</td>\n",
       "      <td>1.000000</td>\n",
       "      <td>-0.241618</td>\n",
       "      <td>-0.233496</td>\n",
       "      <td>0.253240</td>\n",
       "      <td>0.999960</td>\n",
       "      <td>0.014050</td>\n",
       "      <td>-0.194406</td>\n",
       "      <td>0.023272</td>\n",
       "      <td>0.015488</td>\n",
       "      <td>-0.007022</td>\n",
       "      <td>-0.004770</td>\n",
       "      <td>0.004754</td>\n",
       "      <td>-0.062368</td>\n",
       "      <td>-0.084928</td>\n",
       "    </tr>\n",
       "    <tr>\n",
       "      <th>OBJECTID</th>\n",
       "      <td>-0.043318</td>\n",
       "      <td>-0.241618</td>\n",
       "      <td>1.000000</td>\n",
       "      <td>-0.166810</td>\n",
       "      <td>-0.043318</td>\n",
       "      <td>-0.242069</td>\n",
       "      <td>0.112637</td>\n",
       "      <td>0.915030</td>\n",
       "      <td>-0.004396</td>\n",
       "      <td>-0.004304</td>\n",
       "      <td>0.002599</td>\n",
       "      <td>0.013963</td>\n",
       "      <td>0.032319</td>\n",
       "      <td>-0.259797</td>\n",
       "      <td>-0.151813</td>\n",
       "    </tr>\n",
       "    <tr>\n",
       "      <th>Mag</th>\n",
       "      <td>-0.028095</td>\n",
       "      <td>-0.233496</td>\n",
       "      <td>-0.166810</td>\n",
       "      <td>1.000000</td>\n",
       "      <td>-0.028095</td>\n",
       "      <td>-0.234202</td>\n",
       "      <td>-0.121190</td>\n",
       "      <td>-0.260396</td>\n",
       "      <td>-0.036651</td>\n",
       "      <td>-0.001827</td>\n",
       "      <td>0.014883</td>\n",
       "      <td>-0.009588</td>\n",
       "      <td>-0.051729</td>\n",
       "      <td>0.625462</td>\n",
       "      <td>0.511833</td>\n",
       "    </tr>\n",
       "    <tr>\n",
       "      <th>Long</th>\n",
       "      <td>1.000000</td>\n",
       "      <td>0.253240</td>\n",
       "      <td>-0.043318</td>\n",
       "      <td>-0.028095</td>\n",
       "      <td>1.000000</td>\n",
       "      <td>0.257258</td>\n",
       "      <td>0.076914</td>\n",
       "      <td>-0.034001</td>\n",
       "      <td>0.025662</td>\n",
       "      <td>-0.013790</td>\n",
       "      <td>0.025062</td>\n",
       "      <td>-0.004212</td>\n",
       "      <td>0.002369</td>\n",
       "      <td>0.009290</td>\n",
       "      <td>-0.066700</td>\n",
       "    </tr>\n",
       "    <tr>\n",
       "      <th>Lat</th>\n",
       "      <td>0.257258</td>\n",
       "      <td>0.999960</td>\n",
       "      <td>-0.242069</td>\n",
       "      <td>-0.234202</td>\n",
       "      <td>0.257258</td>\n",
       "      <td>1.000000</td>\n",
       "      <td>0.013560</td>\n",
       "      <td>-0.194701</td>\n",
       "      <td>0.023427</td>\n",
       "      <td>0.015291</td>\n",
       "      <td>-0.006667</td>\n",
       "      <td>-0.004768</td>\n",
       "      <td>0.004760</td>\n",
       "      <td>-0.062875</td>\n",
       "      <td>-0.085645</td>\n",
       "    </tr>\n",
       "    <tr>\n",
       "      <th>Depth</th>\n",
       "      <td>0.076914</td>\n",
       "      <td>0.014050</td>\n",
       "      <td>0.112637</td>\n",
       "      <td>-0.121190</td>\n",
       "      <td>0.076914</td>\n",
       "      <td>0.013560</td>\n",
       "      <td>1.000000</td>\n",
       "      <td>0.130556</td>\n",
       "      <td>0.018641</td>\n",
       "      <td>-0.003113</td>\n",
       "      <td>-0.026032</td>\n",
       "      <td>0.002799</td>\n",
       "      <td>0.031402</td>\n",
       "      <td>-0.109806</td>\n",
       "      <td>0.087553</td>\n",
       "    </tr>\n",
       "    <tr>\n",
       "      <th>Year</th>\n",
       "      <td>-0.034001</td>\n",
       "      <td>-0.194406</td>\n",
       "      <td>0.915030</td>\n",
       "      <td>-0.260396</td>\n",
       "      <td>-0.034001</td>\n",
       "      <td>-0.194701</td>\n",
       "      <td>0.130556</td>\n",
       "      <td>1.000000</td>\n",
       "      <td>-0.033621</td>\n",
       "      <td>0.000370</td>\n",
       "      <td>0.012465</td>\n",
       "      <td>0.031319</td>\n",
       "      <td>0.091484</td>\n",
       "      <td>-0.481931</td>\n",
       "      <td>-0.237033</td>\n",
       "    </tr>\n",
       "    <tr>\n",
       "      <th>Mo</th>\n",
       "      <td>0.025662</td>\n",
       "      <td>0.023272</td>\n",
       "      <td>-0.004396</td>\n",
       "      <td>-0.036651</td>\n",
       "      <td>0.025662</td>\n",
       "      <td>0.023427</td>\n",
       "      <td>0.018641</td>\n",
       "      <td>-0.033621</td>\n",
       "      <td>1.000000</td>\n",
       "      <td>-0.002039</td>\n",
       "      <td>-0.000777</td>\n",
       "      <td>0.010505</td>\n",
       "      <td>-0.006497</td>\n",
       "      <td>-0.002426</td>\n",
       "      <td>-0.003170</td>\n",
       "    </tr>\n",
       "    <tr>\n",
       "      <th>Day</th>\n",
       "      <td>-0.013790</td>\n",
       "      <td>0.015488</td>\n",
       "      <td>-0.004304</td>\n",
       "      <td>-0.001827</td>\n",
       "      <td>-0.013790</td>\n",
       "      <td>0.015291</td>\n",
       "      <td>-0.003113</td>\n",
       "      <td>0.000370</td>\n",
       "      <td>-0.002039</td>\n",
       "      <td>1.000000</td>\n",
       "      <td>-0.000302</td>\n",
       "      <td>-0.002429</td>\n",
       "      <td>0.010119</td>\n",
       "      <td>-0.002799</td>\n",
       "      <td>0.000641</td>\n",
       "    </tr>\n",
       "    <tr>\n",
       "      <th>Hr</th>\n",
       "      <td>0.025062</td>\n",
       "      <td>-0.007022</td>\n",
       "      <td>0.002599</td>\n",
       "      <td>0.014883</td>\n",
       "      <td>0.025062</td>\n",
       "      <td>-0.006667</td>\n",
       "      <td>-0.026032</td>\n",
       "      <td>0.012465</td>\n",
       "      <td>-0.000777</td>\n",
       "      <td>-0.000302</td>\n",
       "      <td>1.000000</td>\n",
       "      <td>0.004221</td>\n",
       "      <td>0.007976</td>\n",
       "      <td>-0.013751</td>\n",
       "      <td>-0.007135</td>\n",
       "    </tr>\n",
       "    <tr>\n",
       "      <th>Min_</th>\n",
       "      <td>-0.004212</td>\n",
       "      <td>-0.004770</td>\n",
       "      <td>0.013963</td>\n",
       "      <td>-0.009588</td>\n",
       "      <td>-0.004212</td>\n",
       "      <td>-0.004768</td>\n",
       "      <td>0.002799</td>\n",
       "      <td>0.031319</td>\n",
       "      <td>0.010505</td>\n",
       "      <td>-0.002429</td>\n",
       "      <td>0.004221</td>\n",
       "      <td>1.000000</td>\n",
       "      <td>0.011304</td>\n",
       "      <td>-0.034078</td>\n",
       "      <td>-0.012769</td>\n",
       "    </tr>\n",
       "    <tr>\n",
       "      <th>Sec</th>\n",
       "      <td>0.002369</td>\n",
       "      <td>0.004754</td>\n",
       "      <td>0.032319</td>\n",
       "      <td>-0.051729</td>\n",
       "      <td>0.002369</td>\n",
       "      <td>0.004760</td>\n",
       "      <td>0.031402</td>\n",
       "      <td>0.091484</td>\n",
       "      <td>-0.006497</td>\n",
       "      <td>0.010119</td>\n",
       "      <td>0.007976</td>\n",
       "      <td>0.011304</td>\n",
       "      <td>1.000000</td>\n",
       "      <td>-0.122428</td>\n",
       "      <td>-0.040767</td>\n",
       "    </tr>\n",
       "    <tr>\n",
       "      <th>SigM</th>\n",
       "      <td>0.009290</td>\n",
       "      <td>-0.062368</td>\n",
       "      <td>-0.259797</td>\n",
       "      <td>0.625462</td>\n",
       "      <td>0.009290</td>\n",
       "      <td>-0.062875</td>\n",
       "      <td>-0.109806</td>\n",
       "      <td>-0.481931</td>\n",
       "      <td>-0.002426</td>\n",
       "      <td>-0.002799</td>\n",
       "      <td>-0.013751</td>\n",
       "      <td>-0.034078</td>\n",
       "      <td>-0.122428</td>\n",
       "      <td>1.000000</td>\n",
       "      <td>0.577614</td>\n",
       "    </tr>\n",
       "    <tr>\n",
       "      <th>Round</th>\n",
       "      <td>-0.066700</td>\n",
       "      <td>-0.084928</td>\n",
       "      <td>-0.151813</td>\n",
       "      <td>0.511833</td>\n",
       "      <td>-0.066700</td>\n",
       "      <td>-0.085645</td>\n",
       "      <td>0.087553</td>\n",
       "      <td>-0.237033</td>\n",
       "      <td>-0.003170</td>\n",
       "      <td>0.000641</td>\n",
       "      <td>-0.007135</td>\n",
       "      <td>-0.012769</td>\n",
       "      <td>-0.040767</td>\n",
       "      <td>0.577614</td>\n",
       "      <td>1.000000</td>\n",
       "    </tr>\n",
       "  </tbody>\n",
       "</table>\n",
       "</div>"
      ],
      "text/plain": [
       "                 X         Y  OBJECTID       Mag      Long       Lat  \\\n",
       "X         1.000000  0.253240 -0.043318 -0.028095  1.000000  0.257258   \n",
       "Y         0.253240  1.000000 -0.241618 -0.233496  0.253240  0.999960   \n",
       "OBJECTID -0.043318 -0.241618  1.000000 -0.166810 -0.043318 -0.242069   \n",
       "Mag      -0.028095 -0.233496 -0.166810  1.000000 -0.028095 -0.234202   \n",
       "Long      1.000000  0.253240 -0.043318 -0.028095  1.000000  0.257258   \n",
       "Lat       0.257258  0.999960 -0.242069 -0.234202  0.257258  1.000000   \n",
       "Depth     0.076914  0.014050  0.112637 -0.121190  0.076914  0.013560   \n",
       "Year     -0.034001 -0.194406  0.915030 -0.260396 -0.034001 -0.194701   \n",
       "Mo        0.025662  0.023272 -0.004396 -0.036651  0.025662  0.023427   \n",
       "Day      -0.013790  0.015488 -0.004304 -0.001827 -0.013790  0.015291   \n",
       "Hr        0.025062 -0.007022  0.002599  0.014883  0.025062 -0.006667   \n",
       "Min_     -0.004212 -0.004770  0.013963 -0.009588 -0.004212 -0.004768   \n",
       "Sec       0.002369  0.004754  0.032319 -0.051729  0.002369  0.004760   \n",
       "SigM      0.009290 -0.062368 -0.259797  0.625462  0.009290 -0.062875   \n",
       "Round    -0.066700 -0.084928 -0.151813  0.511833 -0.066700 -0.085645   \n",
       "\n",
       "             Depth      Year        Mo       Day        Hr      Min_  \\\n",
       "X         0.076914 -0.034001  0.025662 -0.013790  0.025062 -0.004212   \n",
       "Y         0.014050 -0.194406  0.023272  0.015488 -0.007022 -0.004770   \n",
       "OBJECTID  0.112637  0.915030 -0.004396 -0.004304  0.002599  0.013963   \n",
       "Mag      -0.121190 -0.260396 -0.036651 -0.001827  0.014883 -0.009588   \n",
       "Long      0.076914 -0.034001  0.025662 -0.013790  0.025062 -0.004212   \n",
       "Lat       0.013560 -0.194701  0.023427  0.015291 -0.006667 -0.004768   \n",
       "Depth     1.000000  0.130556  0.018641 -0.003113 -0.026032  0.002799   \n",
       "Year      0.130556  1.000000 -0.033621  0.000370  0.012465  0.031319   \n",
       "Mo        0.018641 -0.033621  1.000000 -0.002039 -0.000777  0.010505   \n",
       "Day      -0.003113  0.000370 -0.002039  1.000000 -0.000302 -0.002429   \n",
       "Hr       -0.026032  0.012465 -0.000777 -0.000302  1.000000  0.004221   \n",
       "Min_      0.002799  0.031319  0.010505 -0.002429  0.004221  1.000000   \n",
       "Sec       0.031402  0.091484 -0.006497  0.010119  0.007976  0.011304   \n",
       "SigM     -0.109806 -0.481931 -0.002426 -0.002799 -0.013751 -0.034078   \n",
       "Round     0.087553 -0.237033 -0.003170  0.000641 -0.007135 -0.012769   \n",
       "\n",
       "               Sec      SigM     Round  \n",
       "X         0.002369  0.009290 -0.066700  \n",
       "Y         0.004754 -0.062368 -0.084928  \n",
       "OBJECTID  0.032319 -0.259797 -0.151813  \n",
       "Mag      -0.051729  0.625462  0.511833  \n",
       "Long      0.002369  0.009290 -0.066700  \n",
       "Lat       0.004760 -0.062875 -0.085645  \n",
       "Depth     0.031402 -0.109806  0.087553  \n",
       "Year      0.091484 -0.481931 -0.237033  \n",
       "Mo       -0.006497 -0.002426 -0.003170  \n",
       "Day       0.010119 -0.002799  0.000641  \n",
       "Hr        0.007976 -0.013751 -0.007135  \n",
       "Min_      0.011304 -0.034078 -0.012769  \n",
       "Sec       1.000000 -0.122428 -0.040767  \n",
       "SigM     -0.122428  1.000000  0.577614  \n",
       "Round    -0.040767  0.577614  1.000000  "
      ]
     },
     "execution_count": 3,
     "metadata": {},
     "output_type": "execute_result"
    }
   ],
   "source": [
    "earthquake_df.corr()"
   ]
  },
  {
   "cell_type": "code",
   "execution_count": 4,
   "id": "917bc09b",
   "metadata": {},
   "outputs": [
    {
     "data": {
      "text/html": [
       "<div>\n",
       "<style scoped>\n",
       "    .dataframe tbody tr th:only-of-type {\n",
       "        vertical-align: middle;\n",
       "    }\n",
       "\n",
       "    .dataframe tbody tr th {\n",
       "        vertical-align: top;\n",
       "    }\n",
       "\n",
       "    .dataframe thead th {\n",
       "        text-align: right;\n",
       "    }\n",
       "</style>\n",
       "<table border=\"1\" class=\"dataframe\">\n",
       "  <thead>\n",
       "    <tr style=\"text-align: right;\">\n",
       "      <th></th>\n",
       "      <th>X</th>\n",
       "      <th>Y</th>\n",
       "      <th>OBJECTID</th>\n",
       "      <th>Mag</th>\n",
       "      <th>Long</th>\n",
       "      <th>Lat</th>\n",
       "      <th>Depth</th>\n",
       "      <th>Year</th>\n",
       "      <th>Mo</th>\n",
       "      <th>Day</th>\n",
       "      <th>Hr</th>\n",
       "      <th>Min_</th>\n",
       "      <th>Sec</th>\n",
       "      <th>SigM</th>\n",
       "      <th>Round</th>\n",
       "    </tr>\n",
       "  </thead>\n",
       "  <tbody>\n",
       "    <tr>\n",
       "      <th>X</th>\n",
       "      <td>6.220158e+09</td>\n",
       "      <td>4.848287e+09</td>\n",
       "      <td>-3.151274e+07</td>\n",
       "      <td>-1646.594183</td>\n",
       "      <td>55876.632602</td>\n",
       "      <td>33950.395451</td>\n",
       "      <td>27716.965631</td>\n",
       "      <td>-40949.036693</td>\n",
       "      <td>6966.189083</td>\n",
       "      <td>-9577.029714</td>\n",
       "      <td>13884.096808</td>\n",
       "      <td>-5782.015458</td>\n",
       "      <td>3269.402156</td>\n",
       "      <td>54.207606</td>\n",
       "      <td>-26.932265</td>\n",
       "    </tr>\n",
       "    <tr>\n",
       "      <th>Y</th>\n",
       "      <td>4.848287e+09</td>\n",
       "      <td>5.892659e+10</td>\n",
       "      <td>-5.410055e+08</td>\n",
       "      <td>-42120.430032</td>\n",
       "      <td>43552.906575</td>\n",
       "      <td>406175.038512</td>\n",
       "      <td>15584.169885</td>\n",
       "      <td>-720639.020161</td>\n",
       "      <td>19444.600114</td>\n",
       "      <td>33106.910462</td>\n",
       "      <td>-11973.403179</td>\n",
       "      <td>-20150.863744</td>\n",
       "      <td>20193.693541</td>\n",
       "      <td>-1120.114428</td>\n",
       "      <td>-105.548129</td>\n",
       "    </tr>\n",
       "    <tr>\n",
       "      <th>OBJECTID</th>\n",
       "      <td>-3.151274e+07</td>\n",
       "      <td>-5.410055e+08</td>\n",
       "      <td>8.508129e+07</td>\n",
       "      <td>-1143.394828</td>\n",
       "      <td>-283.083763</td>\n",
       "      <td>-3736.204147</td>\n",
       "      <td>4747.213823</td>\n",
       "      <td>128885.798693</td>\n",
       "      <td>-139.552595</td>\n",
       "      <td>-349.635148</td>\n",
       "      <td>168.389436</td>\n",
       "      <td>2241.597216</td>\n",
       "      <td>5216.266867</td>\n",
       "      <td>-177.293317</td>\n",
       "      <td>-7.169236</td>\n",
       "    </tr>\n",
       "    <tr>\n",
       "      <th>Mag</th>\n",
       "      <td>-1.646594e+03</td>\n",
       "      <td>-4.212043e+04</td>\n",
       "      <td>-1.143395e+03</td>\n",
       "      <td>0.552223</td>\n",
       "      <td>-0.014792</td>\n",
       "      <td>-0.291222</td>\n",
       "      <td>-0.411496</td>\n",
       "      <td>-2.954909</td>\n",
       "      <td>-0.093746</td>\n",
       "      <td>-0.011959</td>\n",
       "      <td>0.077684</td>\n",
       "      <td>-0.124000</td>\n",
       "      <td>-0.672639</td>\n",
       "      <td>0.034387</td>\n",
       "      <td>0.001947</td>\n",
       "    </tr>\n",
       "    <tr>\n",
       "      <th>Long</th>\n",
       "      <td>5.587663e+04</td>\n",
       "      <td>4.355291e+04</td>\n",
       "      <td>-2.830838e+02</td>\n",
       "      <td>-0.014792</td>\n",
       "      <td>0.501948</td>\n",
       "      <td>0.304982</td>\n",
       "      <td>0.248986</td>\n",
       "      <td>-0.367851</td>\n",
       "      <td>0.062578</td>\n",
       "      <td>-0.086032</td>\n",
       "      <td>0.124723</td>\n",
       "      <td>-0.051941</td>\n",
       "      <td>0.029370</td>\n",
       "      <td>0.000487</td>\n",
       "      <td>-0.000242</td>\n",
       "    </tr>\n",
       "    <tr>\n",
       "      <th>Lat</th>\n",
       "      <td>3.395040e+04</td>\n",
       "      <td>4.061750e+05</td>\n",
       "      <td>-3.736204e+03</td>\n",
       "      <td>-0.291222</td>\n",
       "      <td>0.304982</td>\n",
       "      <td>2.799950</td>\n",
       "      <td>0.103676</td>\n",
       "      <td>-4.975029</td>\n",
       "      <td>0.134924</td>\n",
       "      <td>0.225312</td>\n",
       "      <td>-0.078355</td>\n",
       "      <td>-0.138847</td>\n",
       "      <td>0.139376</td>\n",
       "      <td>-0.007784</td>\n",
       "      <td>-0.000734</td>\n",
       "    </tr>\n",
       "    <tr>\n",
       "      <th>Depth</th>\n",
       "      <td>2.771697e+04</td>\n",
       "      <td>1.558417e+04</td>\n",
       "      <td>4.747214e+03</td>\n",
       "      <td>-0.411496</td>\n",
       "      <td>0.248986</td>\n",
       "      <td>0.103676</td>\n",
       "      <td>20.877584</td>\n",
       "      <td>9.109402</td>\n",
       "      <td>0.293174</td>\n",
       "      <td>-0.125275</td>\n",
       "      <td>-0.835481</td>\n",
       "      <td>0.222567</td>\n",
       "      <td>2.510631</td>\n",
       "      <td>-0.037120</td>\n",
       "      <td>0.002048</td>\n",
       "    </tr>\n",
       "    <tr>\n",
       "      <th>Year</th>\n",
       "      <td>-4.094904e+04</td>\n",
       "      <td>-7.206390e+05</td>\n",
       "      <td>1.288858e+05</td>\n",
       "      <td>-2.954909</td>\n",
       "      <td>-0.367851</td>\n",
       "      <td>-4.975029</td>\n",
       "      <td>9.109402</td>\n",
       "      <td>233.187371</td>\n",
       "      <td>-1.767133</td>\n",
       "      <td>0.049732</td>\n",
       "      <td>1.337061</td>\n",
       "      <td>8.323481</td>\n",
       "      <td>24.444893</td>\n",
       "      <td>-0.544477</td>\n",
       "      <td>-0.018531</td>\n",
       "    </tr>\n",
       "    <tr>\n",
       "      <th>Mo</th>\n",
       "      <td>6.966189e+03</td>\n",
       "      <td>1.944460e+04</td>\n",
       "      <td>-1.395526e+02</td>\n",
       "      <td>-0.093746</td>\n",
       "      <td>0.062578</td>\n",
       "      <td>0.134924</td>\n",
       "      <td>0.293174</td>\n",
       "      <td>-1.767133</td>\n",
       "      <td>11.847191</td>\n",
       "      <td>-0.061812</td>\n",
       "      <td>-0.018793</td>\n",
       "      <td>0.629316</td>\n",
       "      <td>-0.391316</td>\n",
       "      <td>-0.000618</td>\n",
       "      <td>-0.000056</td>\n",
       "    </tr>\n",
       "    <tr>\n",
       "      <th>Day</th>\n",
       "      <td>-9.577030e+03</td>\n",
       "      <td>3.310691e+04</td>\n",
       "      <td>-3.496351e+02</td>\n",
       "      <td>-0.011959</td>\n",
       "      <td>-0.086032</td>\n",
       "      <td>0.225312</td>\n",
       "      <td>-0.125275</td>\n",
       "      <td>0.049732</td>\n",
       "      <td>-0.061812</td>\n",
       "      <td>77.545533</td>\n",
       "      <td>-0.018680</td>\n",
       "      <td>-0.372306</td>\n",
       "      <td>1.559155</td>\n",
       "      <td>-0.001824</td>\n",
       "      <td>0.000029</td>\n",
       "    </tr>\n",
       "    <tr>\n",
       "      <th>Hr</th>\n",
       "      <td>1.388410e+04</td>\n",
       "      <td>-1.197340e+04</td>\n",
       "      <td>1.683894e+02</td>\n",
       "      <td>0.077684</td>\n",
       "      <td>0.124723</td>\n",
       "      <td>-0.078355</td>\n",
       "      <td>-0.835481</td>\n",
       "      <td>1.337061</td>\n",
       "      <td>-0.018793</td>\n",
       "      <td>-0.018680</td>\n",
       "      <td>49.338457</td>\n",
       "      <td>0.515996</td>\n",
       "      <td>0.980289</td>\n",
       "      <td>-0.007146</td>\n",
       "      <td>-0.000257</td>\n",
       "    </tr>\n",
       "    <tr>\n",
       "      <th>Min_</th>\n",
       "      <td>-5.782015e+03</td>\n",
       "      <td>-2.015086e+04</td>\n",
       "      <td>2.241597e+03</td>\n",
       "      <td>-0.124000</td>\n",
       "      <td>-0.051941</td>\n",
       "      <td>-0.138847</td>\n",
       "      <td>0.222567</td>\n",
       "      <td>8.323481</td>\n",
       "      <td>0.629316</td>\n",
       "      <td>-0.372306</td>\n",
       "      <td>0.515996</td>\n",
       "      <td>302.901914</td>\n",
       "      <td>3.442604</td>\n",
       "      <td>-0.043880</td>\n",
       "      <td>-0.001138</td>\n",
       "    </tr>\n",
       "    <tr>\n",
       "      <th>Sec</th>\n",
       "      <td>3.269402e+03</td>\n",
       "      <td>2.019369e+04</td>\n",
       "      <td>5.216267e+03</td>\n",
       "      <td>-0.672639</td>\n",
       "      <td>0.029370</td>\n",
       "      <td>0.139376</td>\n",
       "      <td>2.510631</td>\n",
       "      <td>24.444893</td>\n",
       "      <td>-0.391316</td>\n",
       "      <td>1.559155</td>\n",
       "      <td>0.980289</td>\n",
       "      <td>3.442604</td>\n",
       "      <td>306.183168</td>\n",
       "      <td>-0.158494</td>\n",
       "      <td>-0.003652</td>\n",
       "    </tr>\n",
       "    <tr>\n",
       "      <th>SigM</th>\n",
       "      <td>5.420761e+01</td>\n",
       "      <td>-1.120114e+03</td>\n",
       "      <td>-1.772933e+02</td>\n",
       "      <td>0.034387</td>\n",
       "      <td>0.000487</td>\n",
       "      <td>-0.007784</td>\n",
       "      <td>-0.037120</td>\n",
       "      <td>-0.544477</td>\n",
       "      <td>-0.000618</td>\n",
       "      <td>-0.001824</td>\n",
       "      <td>-0.007146</td>\n",
       "      <td>-0.043880</td>\n",
       "      <td>-0.158494</td>\n",
       "      <td>0.005474</td>\n",
       "      <td>0.000219</td>\n",
       "    </tr>\n",
       "    <tr>\n",
       "      <th>Round</th>\n",
       "      <td>-2.693227e+01</td>\n",
       "      <td>-1.055481e+02</td>\n",
       "      <td>-7.169236e+00</td>\n",
       "      <td>0.001947</td>\n",
       "      <td>-0.000242</td>\n",
       "      <td>-0.000734</td>\n",
       "      <td>0.002048</td>\n",
       "      <td>-0.018531</td>\n",
       "      <td>-0.000056</td>\n",
       "      <td>0.000029</td>\n",
       "      <td>-0.000257</td>\n",
       "      <td>-0.001138</td>\n",
       "      <td>-0.003652</td>\n",
       "      <td>0.000219</td>\n",
       "      <td>0.000026</td>\n",
       "    </tr>\n",
       "  </tbody>\n",
       "</table>\n",
       "</div>"
      ],
      "text/plain": [
       "                     X             Y      OBJECTID           Mag  \\\n",
       "X         6.220158e+09  4.848287e+09 -3.151274e+07  -1646.594183   \n",
       "Y         4.848287e+09  5.892659e+10 -5.410055e+08 -42120.430032   \n",
       "OBJECTID -3.151274e+07 -5.410055e+08  8.508129e+07  -1143.394828   \n",
       "Mag      -1.646594e+03 -4.212043e+04 -1.143395e+03      0.552223   \n",
       "Long      5.587663e+04  4.355291e+04 -2.830838e+02     -0.014792   \n",
       "Lat       3.395040e+04  4.061750e+05 -3.736204e+03     -0.291222   \n",
       "Depth     2.771697e+04  1.558417e+04  4.747214e+03     -0.411496   \n",
       "Year     -4.094904e+04 -7.206390e+05  1.288858e+05     -2.954909   \n",
       "Mo        6.966189e+03  1.944460e+04 -1.395526e+02     -0.093746   \n",
